1927568	958444	229120	46202	0	0	1233766
958444	4243275	0	0	234417	48451	1241312
229120	0	952935	0	87471	9317	325908
46202	0	0	62479	7921	2822	56945
0	234417	87471	7921	366821	0	329809
0	48451	9317	2822	0	71087	60590
1233766	1241312	325908	56945	329809	60590	1624165
